Matrix update as below: 
.0000 1.0000 .9961 .9994 .9996 1.0000 .9979 .9977 .9958 .9998 1.0000
.0000 .0000 1.0000 .9994 .9993 1.0000 1.0000 1.0000 1.0000 .9999 1.0000
.0000 .0000 .0000 .9994 .9995 1.0000 .9969 .9963 .9879 .9998 1.0000
.0000 .0000 .0000 .0000 .9990 1.0000 .9982 .9994 .9994 .9997 1.0000
.0000 .0000 .0000 .0000 .0000 .9997 .9986 .9993 .9988 .9997 1.0000
.0000 .0000 .0000 .0000 .0000 .0000 .9950 1.0000 1.0000 1.0000 1.0000
.0000 .0000 .0000 .0000 .0000 .0000 .0000 .9953 .9968 .9997 1.0000
.0000 .0000 .0000 .0000 .0000 .0000 .0000 .0000 .9960 .9998 1.0000
.0000 .0000 .0000 .0000 .0000 .0000 .0000 .0000 .0000 .9998 1.0000
.0000 .0000 .0000 .0000 .0000 .0000 .0000 .0000 .0000 .0000 1.0000
.0000 .0000 .0000 .0000 .0000 .0000 .0000 .0000 .0000 .0000 .0000

Combine 3 9
The distance is: 0.9879032258064516
Matrix update as below: 
.0000 1.0000 .9961 .9994 .9996 1.0000 .9979 .9977 .0000 .9998 1.0000
.0000 .0000 .0000 .9994 .9993 1.0000 1.0000 1.0000 1.0000 .9999 1.0000
.0000 .0000 .0000 .9994 .9995 1.0000 .9969 .9963 .0000 .9998 .0000
.0000 .0000 .0000 .0000 .9990 1.0000 .9982 .9994 .9994 .9997 1.0000
.0000 .0000 .0000 .0000 .0000 .9997 .9986 .9993 .9988 .9997 1.0000
.0000 .0000 .0000 .0000 .0000 .0000 .9950 1.0000 1.0000 1.0000 1.0000
.0000 .0000 .0000 .0000 .0000 .0000 .0000 .9953 .9968 .9997 1.0000
.0000 .0000 .0000 .0000 .0000 .0000 .0000 .0000 .9960 .9998 1.0000
.0000 .0000 .0000 .0000 .0000 .0000 .0000 .0000 .0000 .0000 1.0000
.0000 .0000 .0000 .0000 .0000 .0000 .0000 .0000 .0000 .0000 1.0000
.0000 .0000 .0000 .0000 .0000 .0000 .0000 .0000 .0000 .0000 .0000

Combine 6 7
The distance is: 0.9949964260185847
Matrix update as below: 
.0000 1.0000 .9961 .9994 .9996 1.0000 .0000 .9977 .0000 .9998 1.0000
.0000 .0000 .0000 .9994 .9993 .0000 1.0000 1.0000 1.0000 .9999 1.0000
.0000 .0000 .0000 .9994 .9995 1.0000 .0000 .9963 .0000 .9998 .0000
.0000 .0000 .0000 .0000 .9990 1.0000 .0000 .9994 .9994 .9997 1.0000
.0000 .0000 .0000 .0000 .0000 .9997 .0000 .9993 .9988 .9997 1.0000
.0000 .0000 .0000 .0000 .0000 .0000 .0000 1.0000 1.0000 1.0000 .0000
.0000 .0000 .0000 .0000 .0000 .0000 .0000 .0000 .0000 .0000 1.0000
.0000 .0000 .0000 .0000 .0000 .0000 .0000 .0000 .9960 .9998 1.0000
.0000 .0000 .0000 .0000 .0000 .0000 .0000 .0000 .0000 .0000 1.0000
.0000 .0000 .0000 .0000 .0000 .0000 .0000 .0000 .0000 .0000 1.0000
.0000 .0000 .0000 .0000 .0000 .0000 .0000 .0000 .0000 .0000 .0000

Combine 8 9
The distance is: 0.996031746031746
Matrix update as below: 
.0000 1.0000 .9961 .9994 .9996 1.0000 .0000 .9977 .0000 .9998 1.0000
.0000 .0000 .0000 .9994 .9993 .0000 1.0000 .0000 1.0000 .9999 1.0000
.0000 .0000 .0000 .9994 .9995 1.0000 .0000 .9963 .0000 .9998 .0000
.0000 .0000 .0000 .0000 .9990 1.0000 .0000 .9994 .0000 .9997 1.0000
.0000 .0000 .0000 .0000 .0000 .9997 .0000 .9993 .0000 .9997 1.0000
.0000 .0000 .0000 .0000 .0000 .0000 .0000 .0000 1.0000 1.0000 .0000
.0000 .0000 .0000 .0000 .0000 .0000 .0000 .0000 .0000 .0000 1.0000
.0000 .0000 .0000 .0000 .0000 .0000 .0000 .0000 .0000 .9998 .0000
.0000 .0000 .0000 .0000 .0000 .0000 .0000 .0000 .0000 .0000 1.0000
.0000 .0000 .0000 .0000 .0000 .0000 .0000 .0000 .0000 .0000 1.0000
.0000 .0000 .0000 .0000 .0000 .0000 .0000 .0000 .0000 .0000 .0000

Combine 1 3
The distance is: 0.9960988296488946
Matrix update as below: 
.0000 1.0000 .0000 .9994 .9996 .0000 .0000 .9977 .0000 .9998 1.0000
.0000 .0000 .0000 .9994 .9993 .0000 1.0000 .0000 1.0000 .9999 1.0000
.0000 .0000 .0000 .0000 .0000 1.0000 .0000 .0000 .0000 .0000 .0000
.0000 .0000 .0000 .0000 .9990 1.0000 .0000 .9994 .0000 .9997 1.0000
.0000 .0000 .0000 .0000 .0000 .9997 .0000 .9993 .0000 .9997 1.0000
.0000 .0000 .0000 .0000 .0000 .0000 .0000 .0000 1.0000 1.0000 .0000
.0000 .0000 .0000 .0000 .0000 .0000 .0000 .0000 .0000 .0000 1.0000
.0000 .0000 .0000 .0000 .0000 .0000 .0000 .0000 .0000 .9998 .0000
.0000 .0000 .0000 .0000 .0000 .0000 .0000 .0000 .0000 .0000 1.0000
.0000 .0000 .0000 .0000 .0000 .0000 .0000 .0000 .0000 .0000 1.0000
.0000 .0000 .0000 .0000 .0000 .0000 .0000 .0000 .0000 .0000 .0000

Combine 1 8
The distance is: 0.9976507439310884
Matrix update as below: 
.0000 1.0000 .0000 .9994 .9996 .0000 .0000 .0000 .0000 .0000 1.0000
.0000 .0000 .0000 .9994 .9993 .0000 1.0000 .0000 1.0000 .9999 1.0000
.0000 .0000 .0000 .0000 .0000 1.0000 .0000 .0000 .0000 .0000 .0000
.0000 .0000 .0000 .0000 .9990 1.0000 .0000 .9994 .0000 .9997 1.0000
.0000 .0000 .0000 .0000 .0000 .9997 .0000 .9993 .0000 .9997 1.0000
.0000 .0000 .0000 .0000 .0000 .0000 .0000 .0000 1.0000 1.0000 .0000
.0000 .0000 .0000 .0000 .0000 .0000 .0000 .0000 .0000 .0000 1.0000
.0000 .0000 .0000 .0000 .0000 .0000 .0000 .0000 .0000 .9998 .0000
.0000 .0000 .0000 .0000 .0000 .0000 .0000 .0000 .0000 .0000 1.0000
.0000 .0000 .0000 .0000 .0000 .0000 .0000 .0000 .0000 .0000 1.0000
.0000 .0000 .0000 .0000 .0000 .0000 .0000 .0000 .0000 .0000 .0000

Combine 4 5
The distance is: 0.9990156599552573
Matrix update as below: 
.0000 1.0000 .0000 .0000 .9996 .0000 .0000 .0000 .0000 .0000 1.0000
.0000 .0000 .0000 .9994 .0000 .0000 1.0000 .0000 1.0000 .9999 1.0000
.0000 .0000 .0000 .0000 .0000 1.0000 .0000 .0000 .0000 .0000 .0000
.0000 .0000 .0000 .0000 .0000 1.0000 .0000 .9994 .0000 .0000 .0000
.0000 .0000 .0000 .0000 .0000 .0000 .0000 .0000 .0000 .9997 1.0000
.0000 .0000 .0000 .0000 .0000 .0000 .0000 .0000 1.0000 1.0000 .0000
.0000 .0000 .0000 .0000 .0000 .0000 .0000 .0000 .0000 .0000 1.0000
.0000 .0000 .0000 .0000 .0000 .0000 .0000 .0000 .0000 .9998 .0000
.0000 .0000 .0000 .0000 .0000 .0000 .0000 .0000 .0000 .0000 1.0000
.0000 .0000 .0000 .0000 .0000 .0000 .0000 .0000 .0000 .0000 1.0000
.0000 .0000 .0000 .0000 .0000 .0000 .0000 .0000 .0000 .0000 .0000

Combine 2 4
The distance is: 0.9993927125506072
Matrix update as below: 
.0000 1.0000 .0000 .0000 .9996 .0000 .0000 .0000 .0000 .0000 1.0000
.0000 .0000 .0000 .0000 .0000 .0000 1.0000 .0000 1.0000 .9999 1.0000
.0000 .0000 .0000 .0000 .0000 1.0000 .0000 .0000 .0000 .0000 .0000
.0000 .0000 .0000 .0000 .0000 1.0000 .0000 .9994 .0000 .0000 .0000
.0000 .0000 .0000 .0000 .0000 .0000 .0000 .0000 .0000 .9997 1.0000
.0000 .0000 .0000 .0000 .0000 .0000 .0000 .0000 1.0000 1.0000 .0000
.0000 .0000 .0000 .0000 .0000 .0000 .0000 .0000 .0000 .0000 1.0000
.0000 .0000 .0000 .0000 .0000 .0000 .0000 .0000 .0000 .9998 .0000
.0000 .0000 .0000 .0000 .0000 .0000 .0000 .0000 .0000 .0000 1.0000
.0000 .0000 .0000 .0000 .0000 .0000 .0000 .0000 .0000 .0000 1.0000
.0000 .0000 .0000 .0000 .0000 .0000 .0000 .0000 .0000 .0000 .0000

Combine 4 8
The distance is: 0.9994370425971102
Matrix update as below: 
.0000 1.0000 .0000 .0000 .9996 .0000 .0000 .0000 .0000 .0000 1.0000
.0000 .0000 .0000 .0000 .0000 .0000 1.0000 .0000 1.0000 .9999 1.0000
.0000 .0000 .0000 .0000 .0000 1.0000 .0000 .0000 .0000 .0000 .0000
.0000 .0000 .0000 .0000 .0000 1.0000 .0000 .0000 .0000 .0000 .0000
.0000 .0000 .0000 .0000 .0000 .0000 .0000 .0000 .0000 .9997 1.0000
.0000 .0000 .0000 .0000 .0000 .0000 .0000 .0000 1.0000 1.0000 .0000
.0000 .0000 .0000 .0000 .0000 .0000 .0000 .0000 .0000 .0000 1.0000
.0000 .0000 .0000 .0000 .0000 .0000 .0000 .0000 .0000 .9998 .0000
.0000 .0000 .0000 .0000 .0000 .0000 .0000 .0000 .0000 .0000 1.0000
.0000 .0000 .0000 .0000 .0000 .0000 .0000 .0000 .0000 .0000 1.0000
.0000 .0000 .0000 .0000 .0000 .0000 .0000 .0000 .0000 .0000 .0000

Combine 1 5
The distance is: 0.9995793016407236
Matrix update as below: 
.0000 1.0000 .0000 .0000 .0000 .0000 .0000 .0000 .0000 .0000 .0000
.0000 .0000 .0000 .0000 .0000 .0000 1.0000 .0000 1.0000 .9999 1.0000
.0000 .0000 .0000 .0000 .0000 1.0000 .0000 .0000 .0000 .0000 .0000
.0000 .0000 .0000 .0000 .0000 1.0000 .0000 .0000 .0000 .0000 .0000
.0000 .0000 .0000 .0000 .0000 .0000 .0000 .0000 .0000 .9997 1.0000
.0000 .0000 .0000 .0000 .0000 .0000 .0000 .0000 1.0000 1.0000 .0000
.0000 .0000 .0000 .0000 .0000 .0000 .0000 .0000 .0000 .0000 1.0000
.0000 .0000 .0000 .0000 .0000 .0000 .0000 .0000 .0000 .9998 .0000
.0000 .0000 .0000 .0000 .0000 .0000 .0000 .0000 .0000 .0000 1.0000
.0000 .0000 .0000 .0000 .0000 .0000 .0000 .0000 .0000 .0000 1.0000
.0000 .0000 .0000 .0000 .0000 .0000 .0000 .0000 .0000 .0000 .0000

Combine 5 10
The distance is: 0.9997200186654223
Matrix update as below: 
.0000 1.0000 .0000 .0000 .0000 .0000 .0000 .0000 .0000 .0000 .0000
.0000 .0000 .0000 .0000 .0000 .0000 1.0000 .0000 1.0000 .9999 1.0000
.0000 .0000 .0000 .0000 .0000 1.0000 .0000 .0000 .0000 .0000 .0000
.0000 .0000 .0000 .0000 .0000 1.0000 .0000 .0000 .0000 .0000 .0000
.0000 .0000 .0000 .0000 .0000 .0000 .0000 .0000 .0000 .0000 .0000
.0000 .0000 .0000 .0000 .0000 .0000 .0000 .0000 1.0000 1.0000 .0000
.0000 .0000 .0000 .0000 .0000 .0000 .0000 .0000 .0000 .0000 1.0000
.0000 .0000 .0000 .0000 .0000 .0000 .0000 .0000 .0000 .9998 .0000
.0000 .0000 .0000 .0000 .0000 .0000 .0000 .0000 .0000 .0000 1.0000
.0000 .0000 .0000 .0000 .0000 .0000 .0000 .0000 .0000 .0000 1.0000
.0000 .0000 .0000 .0000 .0000 .0000 .0000 .0000 .0000 .0000 .0000

Combine 8 10
The distance is: 0.9998074330829964
Matrix update as below: 
.0000 1.0000 .0000 .0000 .0000 .0000 .0000 .0000 .0000 .0000 .0000
.0000 .0000 .0000 .0000 .0000 .0000 1.0000 .0000 1.0000 .9999 1.0000
.0000 .0000 .0000 .0000 .0000 1.0000 .0000 .0000 .0000 .0000 .0000
.0000 .0000 .0000 .0000 .0000 1.0000 .0000 .0000 .0000 .0000 .0000
.0000 .0000 .0000 .0000 .0000 .0000 .0000 .0000 .0000 .0000 .0000
.0000 .0000 .0000 .0000 .0000 .0000 .0000 .0000 1.0000 1.0000 .0000
.0000 .0000 .0000 .0000 .0000 .0000 .0000 .0000 .0000 .0000 1.0000
.0000 .0000 .0000 .0000 .0000 .0000 .0000 .0000 .0000 .0000 .0000
.0000 .0000 .0000 .0000 .0000 .0000 .0000 .0000 .0000 .0000 1.0000
.0000 .0000 .0000 .0000 .0000 .0000 .0000 .0000 .0000 .0000 1.0000
.0000 .0000 .0000 .0000 .0000 .0000 .0000 .0000 .0000 .0000 .0000

Combine 2 10
The distance is: 0.9999341758820431
Matrix update as below: 
.0000 1.0000 .0000 .0000 .0000 .0000 .0000 .0000 .0000 .0000 .0000
.0000 .0000 .0000 .0000 .0000 .0000 1.0000 .0000 1.0000 .0000 .0000
.0000 .0000 .0000 .0000 .0000 1.0000 .0000 .0000 .0000 .0000 .0000
.0000 .0000 .0000 .0000 .0000 1.0000 .0000 .0000 .0000 .0000 .0000
.0000 .0000 .0000 .0000 .0000 .0000 .0000 .0000 .0000 .0000 .0000
.0000 .0000 .0000 .0000 .0000 .0000 .0000 .0000 1.0000 1.0000 .0000
.0000 .0000 .0000 .0000 .0000 .0000 .0000 .0000 .0000 .0000 1.0000
.0000 .0000 .0000 .0000 .0000 .0000 .0000 .0000 .0000 .0000 .0000
.0000 .0000 .0000 .0000 .0000 .0000 .0000 .0000 .0000 .0000 1.0000
.0000 .0000 .0000 .0000 .0000 .0000 .0000 .0000 .0000 .0000 1.0000
.0000 .0000 .0000 .0000 .0000 .0000 .0000 .0000 .0000 .0000 .0000

