Matrix update as below: 
.0000 .8235 .9032 .7368 .9000 .8837 1.0000 1.0000 .8889
.0000 .0000 .9032 .9333 .9000 .7368 1.0000 .9000 .8889
.0000 .0000 .0000 .9492 .7297 .9492 1.0000 1.0000 .9268
.0000 .0000 .0000 .0000 .9483 .9143 1.0000 1.0000 .9455
.0000 .0000 .0000 .0000 .0000 .9483 1.0000 1.0000 .9250
.0000 .0000 .0000 .0000 .0000 .0000 1.0000 .9583 .9455
.0000 .0000 .0000 .0000 .0000 .0000 .0000 .6667 1.0000
.0000 .0000 .0000 .0000 .0000 .0000 .0000 .0000 1.0000
.0000 .0000 .0000 .0000 .0000 .0000 .0000 .0000 .0000

Combine 7 8
The distance is: 0.6666666666666667
Matrix update as below: 
.0000 .8235 .9032 .7368 .9000 .8837 1.0000 1.0000 .8889
.0000 .0000 .9032 .9333 .9000 .7368 1.0000 .9000 .8889
.0000 .0000 .0000 .9492 .7297 .9492 1.0000 1.0000 .9268
.0000 .0000 .0000 .0000 .9483 .9143 1.0000 1.0000 .9455
.0000 .0000 .0000 .0000 .0000 .9483 1.0000 1.0000 .9250
.0000 .0000 .0000 .0000 .0000 .0000 1.0000 .9583 .9455
.0000 .0000 .0000 .0000 .0000 .0000 .0000 .0000 1.0000
.0000 .0000 .0000 .0000 .0000 .0000 .0000 .0000 1.0000
.0000 .0000 .0000 .0000 .0000 .0000 .0000 .0000 .0000

Combine 3 5
The distance is: 0.7297297297297297
Matrix update as below: 
.0000 .8235 .9032 .7368 .9000 .8837 1.0000 1.0000 .8889
.0000 .0000 .9032 .9333 .9000 .7368 1.0000 .9000 .8889
.0000 .0000 .0000 .9492 .0000 .9492 1.0000 1.0000 .9268
.0000 .0000 .0000 .0000 .9483 .9143 1.0000 1.0000 .9455
.0000 .0000 .0000 .0000 .0000 .9483 1.0000 1.0000 .9250
.0000 .0000 .0000 .0000 .0000 .0000 1.0000 .9583 .9455
.0000 .0000 .0000 .0000 .0000 .0000 .0000 .0000 1.0000
.0000 .0000 .0000 .0000 .0000 .0000 .0000 .0000 1.0000
.0000 .0000 .0000 .0000 .0000 .0000 .0000 .0000 .0000

Combine 1 4
The distance is: 0.736842105263158
Matrix update as below: 
.0000 .8235 .9032 .0000 .9483 .9143 1.0000 1.0000 .9455
.0000 .0000 .9032 .9333 .9000 .7368 1.0000 .9000 .8889
.0000 .0000 .0000 .9492 .0000 .9492 1.0000 1.0000 .9268
.0000 .0000 .0000 .0000 .9483 .9143 1.0000 1.0000 .9455
.0000 .0000 .0000 .0000 .0000 .9483 1.0000 1.0000 .9250
.0000 .0000 .0000 .0000 .0000 .0000 1.0000 .9583 .9455
.0000 .0000 .0000 .0000 .0000 .0000 .0000 .0000 1.0000
.0000 .0000 .0000 .0000 .0000 .0000 .0000 .0000 1.0000
.0000 .0000 .0000 .0000 .0000 .0000 .0000 .0000 .0000

Combine 2 6
The distance is: 0.736842105263158
Matrix update as below: 
.0000 .8235 .9032 .0000 .9483 .9143 1.0000 1.0000 .9455
.0000 .0000 .9032 .9333 .9000 .0000 1.0000 .9583 .9455
.0000 .0000 .0000 .9492 .0000 .9492 1.0000 1.0000 .9268
.0000 .0000 .0000 .0000 .9483 .9143 1.0000 1.0000 .9455
.0000 .0000 .0000 .0000 .0000 .9483 1.0000 1.0000 .9250
.0000 .0000 .0000 .0000 .0000 .0000 1.0000 .9583 .9455
.0000 .0000 .0000 .0000 .0000 .0000 .0000 .0000 1.0000
.0000 .0000 .0000 .0000 .0000 .0000 .0000 .0000 1.0000
.0000 .0000 .0000 .0000 .0000 .0000 .0000 .0000 .0000

